15317546 20210301 150
18501179 20200422 399
17111563 20210124 87
19254301 20181225 1674
13501324 20191111 10
11254730 20200713 85
10000001 19961001 239
17111563 20210102 215
19254301 20181225 1000
19254301 20200618 33
13501324 20191111 81000
11254730 20200713 130
12345678 30000101 999
18501179 20200229 229
17111563 20211002 1000000
10000001 19980228 1
11254730 20200714 1399
17111563 20210102 123
19254301 20201225 889
13501324 20191121 50
18501179 20200422 3000
17111563 20210123 449
19254301 20180925 4999
12345678 20121212 1212
19254301 20191105 10000
18501179 20201120 357
17111563 20210101 20
18501179 20181223 180
10000001 20000123 1024
19254301 20191101 157
18501179 20200422 36
17111563 20210130 999
10000001 20040229 4000
19254301 20181201 1001
17111563 20211102 102
12345678 11111111 1111111111
19254301 20191114 166
18501179 20200421 128000000
18501179 20191231 4096
19254301 20191121 800
18501179 20200404 650
17111563 20210104 875
19254301 20181125 383
13501324 20191101 49
10000001 19980228 22000
17111563 20210124 125
19254301 20200928 1500
13501324 20191003 830000
11254730 20200712 27
19254301 20200303 3650
